File: C:\MED-PC\Data\2023-03-01_05h55m_Subject 1_EN#29-1012.txt


Start Date: 03/01/23
End Date: 03/01/23
Subject: 1_EN#29-1012
Experiment: 20230301
Group: 1
Box: 3
Start Time: 05:55:41
End Time: 07:30:15
MSN: CRFv2023
R:      30.000
S:    4185.130
A:
     0:       90.000       30.000
B:
     0:      301.910      388.550      523.910      752.600      804.960
     5:      993.260     1147.840     1244.130     1370.520     1375.440
    10:     1574.950     1576.800     1758.750     1964.050     2430.700
    15:     2435.380     2503.280     2540.870     2544.340     2787.760
    20:     3165.190     3300.620     3386.570     3464.200     3487.970
    25:     3516.100     3627.450     3631.520     3933.990     3965.810
    30:     3968.560     3995.060     4027.470     4063.810     4136.830
    35:     4185.080
C:
     0:      315.790      404.480      531.590      758.470      811.470
     5:      997.420     1164.340     1247.420     1449.810     1581.400
    10:     1770.040     1971.530     2444.900     2505.930     2548.440
    15:     2793.420     3178.220     3303.800     3391.450     3466.580
    20:     3491.470     3519.840     3634.090     3937.520     3972.600
    25:     4000.940     4030.610     4067.550     4140.410
D:
     0:       13.880       15.930        7.680        5.870        6.510
     5:        4.160       16.500        3.290       79.290        6.450
    10:       11.290        7.480       14.200        2.650        7.570
    15:        5.660       13.030        3.180        4.880        2.380
    20:        3.500        3.740        6.640        3.530        6.790
    25:        5.880        3.140        3.740        3.580
F:
     0:      301.910      388.550      523.910      752.600      804.960
     5:      993.260     1147.840     1244.130     1370.520     1574.950
    10:     1758.750     1964.050     2430.700     2503.280     2540.870
    15:     2787.760     3165.190     3300.620     3386.570     3464.200
    20:     3487.970     3516.100     3627.450     3933.990     3965.810
    25:     3995.060     4027.470     4063.810     4136.830     4185.080
