File: C:\MED-PC\Data\2023-03-01_07h52m_Subject 2_EN#49-1125.txt


Start Date: 03/01/23
End Date: 03/01/23
Subject: 2_EN#49-1125
Experiment: 20230301
Group: 2
Box: 1
Start Time: 07:52:16
End Time: 09:13:46
MSN: CRFv2023
R:      30.000
S:    4881.430
A:
     0:       90.000       30.000
B:
     0:      119.450      151.080      220.380      297.750      540.680
     5:      605.410      607.750     1034.850     1274.570     1276.220
    10:     1276.400     1285.880     1287.410     1288.540     1290.030
    15:     1291.020     1292.250     1298.070     1299.070     1300.660
    20:     1309.320     1309.720     1309.980     1373.310     1388.960
    25:     1389.680     1392.180     1528.340     1583.920     1585.970
    30:     1588.120     1589.120     1646.590     1650.050     1650.670
    35:     1691.290     1811.520     1923.960     1926.340     2021.260
    40:     2028.810     2285.500     2288.310     2289.530     2290.290
    45:     2451.060     2668.230     2671.150     2671.880     2812.790
    50:     3061.810     3101.880     3130.430     3243.150     3489.720
    55:     3536.850     3579.480     4094.410     4242.490     4392.860
    60:     4881.380
C:
     0:      144.330      232.550      395.020      557.910      684.780
     5:     1159.960     1317.170     1397.090     1544.690     1597.260
    10:     1657.310     1701.740     1815.560     1933.050     2041.300
    15:     2293.630     2456.910     2677.290     2824.140     3081.290
    20:     3107.320     3134.240     3248.820     3496.190     3543.490
    25:     3582.440     4100.270     4260.590     4434.620
D:
     0:       24.880       81.470       97.270       17.230       79.370
     5:      125.110       42.600       23.780       16.350       13.340
    10:       10.720       10.450        4.040        9.090       20.040
    15:        8.130        5.850        9.060       11.350       19.480
    20:        5.440        3.810        5.670        6.470        6.640
    25:        2.960        5.860       18.100       41.760
F:
     0:      119.450      151.080      297.750      540.680      605.410
     5:     1034.850     1274.570     1373.310     1528.340     1583.920
    10:     1646.590     1691.290     1811.520     1923.960     2021.260
    15:     2285.500     2451.060     2668.230     2812.790     3061.810
    20:     3101.880     3130.430     3243.150     3489.720     3536.850
    25:     3579.480     4094.410     4242.490     4392.860     4881.380
