File: C:\MED-PC\Data\2023-03-01_05h55m_Subject 1_EN#28-1012.txt


Start Date: 03/01/23
End Date: 03/01/23
Subject: 1_EN#28-1012
Experiment: 20230301
Group: 1
Box: 2
Start Time: 05:55:36
End Time: 07:44:31
MSN: CRFv2023
R:      29.000
S:    5400.000
A:
     0:       90.000       30.000
B:
     0:      202.550      205.330      209.140      328.710      369.220
     5:      449.820      522.480      526.010      526.040      527.480
    10:      527.520      527.550      614.190      797.210      921.980
    15:      922.010      982.190     1033.470     1074.040     1214.030
    20:     1214.970     1215.580     1216.640     1219.590     1222.610
    25:     1515.710     1518.320     1694.170     1778.910     1781.270
    30:     1911.490     2038.050     2041.040     2044.300     2049.450
    35:     2051.990     2291.560     2292.100     2292.550     2294.640
    40:     2295.200     2297.690     2301.340     2673.770     2878.320
    45:     3044.880     3047.230     3049.980     3174.780     3424.700
    50:     3425.050     3579.540     3580.030     3580.480     3586.140
    55:     3588.700     3626.210     3907.920     4184.040     4184.250
    60:     4187.590     4398.290     4582.500     4956.230     5118.250
C:
     0:      238.150      341.790      404.000      463.340      542.010
     5:      625.480      822.850      929.670      988.610     1235.690
    10:     1537.720     1701.300     1805.210     1921.180     2059.140
    15:     2314.790     2685.170     2883.800     3055.950     3184.450
    20:     3430.890     3592.860     3633.830     3911.460     4191.420
    25:     4418.430     4595.940     4964.160     5124.850
D:
     0:       35.600       13.080       34.780       13.520       19.530
     5:       11.290       25.640        7.690        6.420      202.220
    10:       22.010        7.130       26.300        9.690       21.090
    15:       23.230       11.400        5.480       11.070        9.670
    20:        6.190       13.320        7.620        3.540        7.380
    25:       20.140       13.440        7.930        6.600
F:
     0:      202.550      328.710      369.220      449.820      522.480
     5:      614.190      797.210      921.980      982.190     1033.470
    10:     1515.710     1694.170     1778.910     1911.490     2038.050
    15:     2291.560     2673.770     2878.320     3044.880     3174.780
    20:     3424.700     3579.540     3626.210     3907.920     4184.040
    25:     4398.290     4582.500     4956.230     5118.250
