File: C:\MED-PC\Data\2023-03-01_05h55m_Subject 1_EN#30-1012.txt


Start Date: 03/01/23
End Date: 03/01/23
Subject: 1_EN#30-1012
Experiment: 20230301
Group: 1
Box: 4
Start Time: 05:55:47
End Time: 07:32:49
MSN: CRFv2023
R:      30.000
S:    4338.570
A:
     0:       90.000       30.000
B:
     0:      267.450      271.180      564.470      567.990      569.490
     5:      804.600      805.940      810.620      811.000      812.810
    10:      815.250      822.300      823.240      823.550      829.530
    15:      833.210      835.060      943.240     1253.980     1258.820
    20:     1351.120     1466.180     1594.170     1712.960     1754.720
    25:     1819.390     1908.430     2027.550     2352.990     2395.170
    30:     2397.620     2445.420     2472.020     2473.980     2475.060
    35:     2475.490     2475.600     2477.130     2513.010     2566.120
    40:     2596.860     2753.710     2757.640     2893.240     2895.990
    45:     2896.310     2896.790     3404.140     3406.780     3407.630
    50:     3410.490     3467.930     3470.760     3477.470     3480.240
    55:     3480.760     3540.110     3571.710     3575.740     3751.120
    60:     3756.420     3867.650     4302.730     4338.520
C:
     0:      313.180      587.060      867.410      953.060     1266.810
     5:     1359.370     1473.680     1613.210     1729.580     1762.630
    10:     1827.190     1912.760     2033.880     2358.380     2404.260
    15:     2450.800     2482.560     2518.470     2569.520     2602.020
    20:     2764.820     2906.320     3414.900     3484.920     3544.470
    25:     3591.430     3760.300     3878.100     4309.620
D:
     0:       45.730       22.590       62.810        9.820       12.830
     5:        8.250        7.500       19.040       16.620        7.910
    10:        7.800        4.330        6.330        5.390        9.090
    15:        5.380       10.540        5.460        3.400        5.160
    20:       11.110       13.080       10.760       16.990        4.360
    25:       19.720        9.180       10.450        6.890
F:
     0:      267.450      564.470      804.600      943.240     1253.980
     5:     1351.120     1466.180     1594.170     1712.960     1754.720
    10:     1819.390     1908.430     2027.550     2352.990     2395.170
    15:     2445.420     2472.020     2513.010     2566.120     2596.860
    20:     2753.710     2893.240     3404.140     3467.930     3540.110
    25:     3571.710     3751.120     3867.650     4302.730     4338.520
