File: C:\MED-PC\Data\2023-03-01_10h42m_Subject 4_EN#44-1126.txt


Start Date: 03/01/23
End Date: 03/01/23
Subject: 4_EN#44-1126
Experiment: 20230301
Group: 4
Box: 3
Start Time: 10:42:05
End Time: 11:54:19
MSN: CRFv2023
R:      30.000
S:    4286.380
A:
     0:       90.000       30.000
B:
     0:      206.440      210.850      454.380      746.490      749.650
     5:     1119.420     1545.170     1683.180     2121.300     2326.040
    10:     2530.020     2619.780     2620.300     2621.010     2626.620
    15:     2697.510     2803.210     2803.770     2924.440     3015.300
    20:     3016.170     3017.160     3018.540     3021.050     3094.020
    25:     3158.880     3230.240     3284.200     3417.920     3546.270
    30:     3660.940     3710.610     3745.020     3764.150     3764.340
    35:     3868.420     3985.610     4064.260     4142.410     4215.640
    40:     4286.330
C:
     0:      383.510      486.860      785.010     1136.160     1555.060
     5:     1688.180     2157.880     2331.880     2534.240     2633.840
    10:     2700.750     2807.390     2927.530     3025.510     3099.010
    15:     3162.770     3232.930     3286.390     3421.650     3549.250
    20:     3663.740     3714.370     3747.150     3768.270     3870.560
    25:     3988.620     4066.150     4145.090     4218.160
D:
     0:      177.070       32.480       38.520       16.740        9.890
     5:        5.000       36.580        5.840        4.220       14.060
    10:        3.240        4.180        3.090       10.210        4.990
    15:        3.890        2.690        2.190        3.730        2.980
    20:        2.800        3.760        2.130        4.120        2.140
    25:        3.010        1.890        2.680        2.520
F:
     0:      206.440      454.380      746.490     1119.420     1545.170
     5:     1683.180     2121.300     2326.040     2530.020     2619.780
    10:     2697.510     2803.210     2924.440     3015.300     3094.020
    15:     3158.880     3230.240     3284.200     3417.920     3546.270
    20:     3660.940     3710.610     3745.020     3764.150     3868.420
    25:     3985.610     4064.260     4142.410     4215.640     4286.330
