File: C:\MED-PC\Data\2023-03-02_07h49m_Subject 3_EN#70-1229.txt


Start Date: 03/02/23
End Date: 03/02/23
Subject: 3_EN#70-1229
Experiment: 20230302
Group: 3
Box: 4
Start Time: 07:49:14
End Time: 09:05:04
MSN: CRFv2023
R:      30.000
S:    4237.990
A:
     0:       90.000       30.000
B:
     0:      627.400      948.490     1201.660     1299.840     1339.610
     5:     1460.450     1460.850     1464.910     1465.030     1497.840
    10:     1502.270     1765.290     1887.500     2073.700     2085.050
    15:     2096.190     2201.860     2232.580     2235.440     2279.690
    20:     2399.490     2530.110     2581.750     2608.710     2660.510
    25:     2674.220     2677.010     2850.270     2984.480     3151.660
    30:     3302.690     3306.660     3308.710     3546.300     3553.460
    35:     3648.650     4016.750     4065.290     4192.190     4237.940
C:
     0:      634.010      953.040     1204.890     1327.970     1344.180
     5:     1467.600     1507.420     1768.580     1890.400     2076.200
    10:     2091.860     2098.930     2204.860     2238.500     2282.630
    15:     2402.920     2533.350     2586.240     2613.230     2691.080
    20:     2854.570     2990.310     3155.390     3311.990     3556.880
    25:     3652.270     4020.130     4069.680     4195.510
D:
     0:        6.610        4.550        3.230       28.130        4.570
     5:        7.150        9.580        3.290        2.900        2.500
    10:        6.810        2.740        3.000        5.920        2.940
    15:        3.430        3.240        4.490        4.520       30.570
    20:        4.300        5.830        3.730        9.300       10.580
    25:        3.620        3.380        4.390        3.320
F:
     0:      627.400      948.490     1201.660     1299.840     1339.610
     5:     1460.450     1497.840     1765.290     1887.500     2073.700
    10:     2085.050     2096.190     2201.860     2232.580     2279.690
    15:     2399.490     2530.110     2581.750     2608.710     2660.510
    20:     2850.270     2984.480     3151.660     3302.690     3546.300
    25:     3648.650     4016.750     4065.290     4192.190     4237.940
