File: C:\MED-PC\Data\2023-03-02_06h13m_Subject 1_EN#29-1012.txt


Start Date: 03/02/23
End Date: 03/02/23
Subject: 1_EN#29-1012
Experiment: 20230302
Group: 1
Box: 3
Start Time: 06:13:11
End Time: 06:50:38
MSN: CRFv2023
R:      30.000
S:    1903.500
A:
     0:       90.000       30.000
B:
     0:      190.530      287.650      432.480      499.680      523.090
     5:      590.600      596.220      728.360      792.950      811.250
    10:      814.470      842.620      844.610      886.280      935.930
    15:      938.500      966.520      985.110     1044.600     1091.800
    20:     1110.680     1125.600     1226.160     1274.910     1367.710
    25:     1387.390     1392.620     1420.720     1454.600     1525.410
    30:     1559.320     1633.440     1635.100     1730.000     1784.600
    35:     1792.740     1798.980     1887.000     1903.450
C:
     0:      193.890      290.810      434.980      501.990      526.750
     5:      598.760      730.380      794.890      817.140      846.910
    10:      888.330      940.350      969.050      987.080     1046.510
    15:     1094.630     1112.780     1127.580     1228.310     1276.870
    20:     1369.730     1394.820     1422.870     1456.490     1527.390
    25:     1561.520     1637.890     1732.870     1894.150
D:
     0:        3.360        3.160        2.500        2.310        3.660
     5:        8.160        2.020        1.940        5.890        4.290
    10:        2.050        4.420        2.530        1.970        1.910
    15:        2.830        2.100        1.980        2.150        1.960
    20:        2.020        7.430        2.150        1.890        1.980
    25:        2.200        4.450        2.870      109.550
F:
     0:      190.530      287.650      432.480      499.680      523.090
     5:      590.600      728.360      792.950      811.250      842.620
    10:      886.280      935.930      966.520      985.110     1044.600
    15:     1091.800     1110.680     1125.600     1226.160     1274.910
    20:     1367.710     1387.390     1420.720     1454.600     1525.410
    25:     1559.320     1633.440     1730.000     1784.600     1903.450
