File: C:\MED-PC\Data\2023-03-02_10h50m_Subject 4_EN#32-1012.txt


Start Date: 03/02/23
End Date: 03/02/23
Subject: 4_EN#32-1012
Experiment: 20230302
Group: 4
Box: 2
Start Time: 10:50:02
End Time: 11:42:00
MSN: CRFv2023
R:      30.000
S:    2381.090
A:
     0:       90.000       30.000
B:
     0:      174.800      174.910      391.550      605.420      689.230
     5:      802.410      803.510      806.880      808.810      812.270
    10:      816.220      816.340      905.200      984.650      984.840
    15:     1076.600     1142.440     1184.120     1246.460     1247.800
    20:     1250.340     1274.340     1301.280     1323.470     1325.840
    25:     1347.830     1373.180     1454.500     1561.160     1612.990
    30:     1633.410     1635.580     1637.940     1655.430     1742.930
    35:     1744.050     1750.480     1750.530     1915.050     2066.950
    40:     2108.730     2125.200     2153.660     2214.420     2325.860
    45:     2381.040
C:
     0:      187.380      401.930      610.860      695.110      820.990
     5:      909.940      987.890     1079.700     1145.620     1187.160
    10:     1253.350     1276.920     1303.860     1328.760     1350.120
    15:     1375.910     1457.410     1563.400     1615.340     1640.250
    20:     1658.160     1753.070     1920.760     2069.640     2111.010
    25:     2127.930     2155.470     2219.280     2328.250
D:
     0:       12.580       10.380        5.440        5.880       18.580
     5:        4.740        3.240        3.100        3.180        3.040
    10:        6.890        2.580        2.580        5.290        2.290
    15:        2.730        2.910        2.240        2.350        6.840
    20:        2.730       10.140        5.710        2.690        2.280
    25:        2.730        1.810        4.860        2.390
F:
     0:      174.800      391.550      605.420      689.230      802.410
     5:      905.200      984.650     1076.600     1142.440     1184.120
    10:     1246.460     1274.340     1301.280     1323.470     1347.830
    15:     1373.180     1454.500     1561.160     1612.990     1633.410
    20:     1655.430     1742.930     1915.050     2066.950     2108.730
    25:     2125.200     2153.660     2214.420     2325.860     2381.040
