File: C:\MED-PC\Data\2023-03-02_06h53m_Subject 2_EN#51-1125.txt


Start Date: 03/02/23
End Date: 03/02/23
Subject: 2_EN#51-1125
Experiment: 20230302
Group: 2
Box: 3
Start Time: 06:53:05
End Time: 07:28:51
MSN: CRFv2023
R:      30.000
S:    1529.090
A:
     0:       90.000       30.000
B:
     0:       99.920      265.070      339.280      369.790      409.860
     5:      451.400      452.980      455.080      474.090      598.210
    10:      599.610      616.730      649.930      651.600      674.420
    15:      692.620      721.410      737.050      780.580      801.400
    20:      833.810      860.780      894.660      896.620     1020.230
    25:     1046.690     1048.760     1255.550     1257.530     1260.060
    30:     1289.030     1293.330     1326.410     1327.530     1349.910
    35:     1351.620     1393.520     1395.860     1398.140     1451.100
    40:     1470.350     1474.090     1503.800     1529.040
C:
     0:      102.320      269.930      343.050      372.100      412.710
     5:      458.330      476.870      601.590      619.990      654.760
    10:      678.240      697.410      723.770      742.650      782.620
    15:      803.740      836.170      867.670      898.970     1022.550
    20:     1051.440     1262.880     1296.420     1332.410     1354.090
    25:     1400.440     1454.780     1476.760     1506.080
D:
     0:        2.400        4.860        3.770        2.310        2.850
     5:        6.930        2.780        3.380        3.260        4.830
    10:        3.820        4.790        2.360        5.600        2.040
    15:        2.340        2.360        6.890        4.310        2.320
    20:        4.750        7.330        7.390        6.000        4.180
    25:        6.920        3.680        6.410        2.280
F:
     0:       99.920      265.070      339.280      369.790      409.860
     5:      451.400      474.090      598.210      616.730      649.930
    10:      674.420      692.620      721.410      737.050      780.580
    15:      801.400      833.810      860.780      894.660     1020.230
    20:     1046.690     1255.550     1289.030     1326.410     1349.910
    25:     1393.520     1451.100     1470.350     1503.800     1529.040
