File: C:\MED-PC\Data\2023-03-02_08h51m_Subject 3_EN#61-0101.txt


Start Date: 03/02/23
End Date: 03/02/23
Subject: 3_EN#61-0101
Experiment: 20230302
Group: 3
Box: 1
Start Time: 08:51:09
End Time: 10:16:44
MSN: CRFv2023
R:      30.000
S:    4903.170
A:
     0:       90.000       30.000
B:
     0:      991.340     1579.680     1583.780     2106.430     2357.490
     5:     2654.080     2657.380     2660.790     2780.620     2882.160
    10:     2992.550     2994.950     3086.010     3139.040     3142.250
    15:     3145.090     3491.060     3563.170     3605.440     3645.730
    20:     3712.600     3743.680     3778.000     3840.980     3843.430
    25:     3910.380     3912.930     4174.870     4245.130     4248.350
    30:     4289.130     4366.400     4396.190     4438.590     4513.260
    35:     4564.570     4607.430     4885.150     4903.120
C:
     0:     1003.160     1592.270     2110.930     2365.500     2667.800
     5:     2786.370     2884.920     3000.130     3088.560     3150.620
    10:     3493.470     3566.010     3609.390     3648.340     3716.620
    15:     3748.020     3780.520     3847.780     3916.660     4177.330
    20:     4251.030     4292.200     4368.980     4398.450     4442.060
    25:     4515.800     4567.090     4612.230     4889.910
D:
     0:       11.820       12.590        4.500        8.010       13.720
     5:        5.750        2.760        7.580        2.550       11.580
    10:        2.410        2.840        3.950        2.610        4.020
    15:        4.340        2.520        6.800        6.280        2.460
    20:        5.900        3.070        2.580        2.260        3.470
    25:        2.540        2.520        4.800        4.760
F:
     0:      991.340     1579.680     2106.430     2357.490     2654.080
     5:     2780.620     2882.160     2992.550     3086.010     3139.040
    10:     3491.060     3563.170     3605.440     3645.730     3712.600
    15:     3743.680     3778.000     3840.980     3910.380     4174.870
    20:     4245.130     4289.130     4366.400     4396.190     4438.590
    25:     4513.260     4564.570     4607.430     4885.150     4903.120
