File: C:\MED-PC\Data\2023-03-02_07h46m_Subject 2_EN#49-1125.txt


Start Date: 03/02/23
End Date: 03/02/23
Subject: 2_EN#49-1125
Experiment: 20230302
Group: 2
Box: 1
Start Time: 07:46:41
End Time: 08:47:58
MSN: CRFv2023
R:      30.000
S:    3497.380
A:
     0:       90.000       30.000
B:
     0:      186.950      331.420      349.600      400.250      426.770
     5:      475.020      475.860      476.480      477.680      480.260
    10:      697.520      731.030      765.380      816.240      840.820
    15:      896.830     1105.330     1160.590     1192.100     1242.970
    20:     1508.770     1512.860     1637.840     1641.720     1642.460
    25:     1643.530     1847.250     1931.770     1994.880     2201.610
    30:     2252.830     2256.120     2257.090     2257.930     2259.920
    35:     2260.220     2297.740     2578.480     2635.490     2641.520
    40:     2708.160     2782.890     3460.900     3462.950     3497.330
C:
     0:      191.740      334.750      356.200      403.660      430.090
     5:      489.380      703.320      734.180      771.760      820.970
    10:      855.990      902.240     1108.150     1164.680     1194.290
    15:     1245.720     1515.100     1647.920     1849.910     1934.430
    20:     2003.400     2204.220     2263.210     2300.080     2581.060
    25:     2644.570     2717.950     2787.120     3467.060
D:
     0:        4.790        3.330        6.600        3.410        3.320
     5:       14.360        5.800        3.150        6.380        4.730
    10:       15.170        5.410        2.820        4.090        2.190
    15:        2.750        6.330       10.080        2.660        2.660
    20:        8.520        2.610       10.380        2.340        2.580
    25:        9.080        9.790        4.230        6.160
F:
     0:      186.950      331.420      349.600      400.250      426.770
     5:      475.020      697.520      731.030      765.380      816.240
    10:      840.820      896.830     1105.330     1160.590     1192.100
    15:     1242.970     1508.770     1637.840     1847.250     1931.770
    20:     1994.880     2201.610     2252.830     2297.740     2578.480
    25:     2635.490     2708.160     2782.890     3460.900     3497.330
