File: C:\MED-PC\Data\2023-03-03_09h02m_Subject 2_EN#49-1125.txt


Start Date: 03/03/23
End Date: 03/03/23
Subject: 2_EN#49-1125
Experiment: 20230303
Group: 2
Box: 1
Start Time: 09:02:00
End Time: 09:34:13
MSN: CRFv2023
R:      30.000
S:    1931.320
A:
     0:       90.000       30.000
B:
     0:      151.330      216.810      327.570      343.950      382.260
     5:      385.250      386.220      430.210      442.170      484.090
    10:      566.900      612.080      643.480      665.840      708.920
    15:      737.440      739.410      743.070      761.710      816.420
    20:      829.340      844.280      844.460      860.600     1011.550
    25:     1026.750     1078.990     1121.050     1175.300     1255.330
    30:     1302.680     1445.150     1501.880     1601.430     1931.270
C:
     0:      155.410      219.320      329.500      346.300      388.360
     5:      432.250      444.050      486.020      569.000      616.490
    10:      645.920      667.840      711.050      745.160      763.640
    15:      818.410      831.340      846.470      862.450     1013.740
    20:     1028.710     1080.890     1123.170     1182.490     1258.130
    25:     1313.860     1448.030     1504.430     1604.240
D:
     0:        4.080        2.510        1.930        2.350        6.100
     5:        2.040        1.880        1.930        2.100        4.410
    10:        2.440        2.000        2.130        7.720        1.930
    15:        1.990        2.000        2.190        1.850        2.190
    20:        1.960        1.900        2.120        7.190        2.800
    25:       11.180        2.880        2.550        2.810
F:
     0:      151.330      216.810      327.570      343.950      382.260
     5:      430.210      442.170      484.090      566.900      612.080
    10:      643.480      665.840      708.920      737.440      761.710
    15:      816.420      829.340      844.280      860.600     1011.550
    20:     1026.750     1078.990     1121.050     1175.300     1255.330
    25:     1302.680     1445.150     1501.880     1601.430     1931.270
