File: C:\MED-PC\Data\2023-03-03_10h40m_Subject 4_EN#32-1012.txt


Start Date: 03/03/23
End Date: 03/03/23
Subject: 4_EN#32-1012
Experiment: 20230303
Group: 4
Box: 2
Start Time: 10:40:39
End Time: 11:12:09
MSN: CRFv2023
R:      30.000
S:    1875.790
A:
     0:       90.000       30.000
B:
     0:      598.560      619.110      621.180      644.100      644.140
     5:      694.500      719.150      733.080      894.000      981.880
    10:     1004.670     1036.410     1067.780     1081.880     1101.520
    15:     1131.810     1141.680     1142.960     1145.790     1197.520
    20:     1213.230     1218.180     1226.410     1236.370     1253.200
    25:     1342.020     1364.060     1381.040     1391.950     1394.590
    30:     1406.760     1409.800     1412.430     1438.840     1603.740
    35:     1649.340     1671.230     1671.260     1875.740
C:
     0:      600.760      623.200      646.170      696.700      721.350
     5:      735.210      898.840      984.240     1006.680     1038.800
    10:     1069.740     1084.070     1103.560     1133.880     1148.040
    15:     1199.810     1220.190     1228.470     1238.570     1255.280
    20:     1343.720     1366.180     1383.310     1396.670     1415.690
    25:     1440.690     1605.830     1651.740     1673.700
D:
     0:        2.200        4.090        2.070        2.200        2.200
     5:        2.130        4.840        2.360        2.010        2.390
    10:        1.960        2.190        2.040        2.070        6.360
    15:        2.290        6.960        2.060        2.200        2.080
    20:        1.700        2.120        2.270        4.720        8.930
    25:        1.850        2.090        2.400        2.470
F:
     0:      598.560      619.110      644.100      694.500      719.150
     5:      733.080      894.000      981.880     1004.670     1036.410
    10:     1067.780     1081.880     1101.520     1131.810     1141.680
    15:     1197.520     1213.230     1226.410     1236.370     1253.200
    20:     1342.020     1364.060     1381.040     1391.950     1406.760
    25:     1438.840     1603.740     1649.340     1671.230     1875.740
