File: C:\MED-PC\Data\2023-03-03_08h34m_Subject 3_EN#70-1229.txt


Start Date: 03/03/23
End Date: 03/03/23
Subject: 3_EN#70-1229
Experiment: 20230303
Group: 3
Box: 4
Start Time: 08:34:19
End Time: 10:06:10
MSN: CRFv2023
R:      30.000
S:    3460.830
A:
     0:       90.000       30.000
B:
     0:      210.660      370.170      450.440      509.270      537.120
     5:      593.590      654.650      658.590      755.930      779.670
    10:      796.070      837.130      918.460     1162.020     1206.100
    15:     1360.720     1547.500     1623.740     1651.260     1651.310
    20:     1766.920     1820.820     2029.420     2037.120     2039.550
    25:     2039.620     2046.920     2117.250     2276.840     2289.390
    30:     2704.100     2786.860     2794.820     2855.080     2866.250
    35:     2868.120     3307.980     3336.190     3339.450     3460.780
C:
     0:      215.020      372.970      454.230      511.470      540.300
     5:      595.520      660.730      758.040      781.700      798.530
    10:      839.190      920.660     1164.490     1208.390     1365.130
    15:     1550.190     1626.360     1655.510     1769.510     1824.430
    20:     2032.110     2049.240     2120.090     2296.640     2707.100
    25:     2797.520     2857.920     3056.370     3372.680
D:
     0:        4.360        2.800        3.790        2.200        3.180
     5:        1.930        6.080        2.110        2.030        2.460
    10:        2.060        2.200        2.470        2.290        4.410
    15:        2.690        2.620        4.250        2.590        3.610
    20:        2.690       12.120        2.840       19.800        3.000
    25:       10.660        2.840      190.120       64.700
F:
     0:      210.660      370.170      450.440      509.270      537.120
     5:      593.590      654.650      755.930      779.670      796.070
    10:      837.130      918.460     1162.020     1206.100     1360.720
    15:     1547.500     1623.740     1651.260     1766.920     1820.820
    20:     2029.420     2037.120     2117.250     2276.840     2704.100
    25:     2786.860     2855.080     2866.250     3307.980     3460.780
