File: C:\MED-PC\Data\2023-03-03_11h18m_Subject 5_EN#46-1126.txt


Start Date: 03/03/23
End Date: 03/03/23
Subject: 5_EN#46-1126
Experiment: 20230303
Group: 5
Box: 2
Start Time: 11:18:12
End Time: 12:22:12
MSN: CRFv2023
R:      30.000
S:    3830.610
A:
     0:       90.000       30.000
B:
     0:      263.990      266.600      504.630      504.910      507.570
     5:      760.340      974.140      977.180     1223.630     1358.930
    10:     1487.750     1594.590     1626.320     1702.150     1722.190
    15:     1737.680     1763.130     1868.790     1870.980     1873.760
    20:     2081.610     2083.290     2084.940     2087.420     2114.860
    25:     2261.330     2271.720     2273.950     2275.820     2383.380
    30:     2470.680     2484.770     2500.210     2503.500     2550.610
    35:     2636.630     2772.420     2779.820     3114.540     3261.680
    40:     3387.900     3389.950     3445.500     3451.160     3497.630
    45:     3506.610     3507.930     3510.960     3513.850     3770.420
    50:     3830.560
C:
     0:      276.180      512.510      763.430      982.900     1227.090
     5:     1363.060     1491.370     1601.050     1706.350     1743.850
    10:     1766.610     1878.950     2093.450     2118.030     2264.760
    15:     2278.990     2389.510     2495.600     2508.750     2674.430
    20:     2776.190     2786.650     3122.260     3267.350     3431.770
    25:     3462.200     3501.500     3522.320     3773.570
D:
     0:       12.190        7.880        3.090        8.760        3.460
     5:        4.130        3.620        6.460       80.030       21.660
    10:        3.480       10.160       11.840        3.170        3.430
    15:        7.270        6.130       24.920        8.540      123.820
    20:        3.770        6.830        7.720        5.670       43.870
    25:       16.700        3.870       15.710        3.150
F:
     0:      263.990      504.630      760.340      974.140     1223.630
     5:     1358.930     1487.750     1594.590     1626.320     1722.190
    10:     1763.130     1868.790     2081.610     2114.860     2261.330
    15:     2271.720     2383.380     2470.680     2500.210     2550.610
    20:     2772.420     2779.820     3114.540     3261.680     3387.900
    25:     3445.500     3497.630     3506.610     3770.420     3830.560
