File: C:\MED-PC\Data\2023-03-03_07h26m_Subject 1_EN#29-1012.txt


Start Date: 03/03/23
End Date: 03/03/23
Subject: 1_EN#29-1012
Experiment: 20230303
Group: 1
Box: 3
Start Time: 07:26:39
End Time: 07:54:08
MSN: CRFv2023
R:      30.000
S:    1296.830
A:
     0:       90.000       30.000
B:
     0:      156.090      172.010      175.160      176.730      195.880
     5:      223.550      225.150      273.520      296.820      314.370
    10:      327.480      329.500      330.610      350.940      392.730
    15:      410.380      428.240      447.290      451.430      472.350
    20:      499.960      541.370      542.850      576.320      594.270
    25:      598.210      732.770      732.980      751.340      773.580
    30:      793.440      796.100      837.050      856.900      888.600
    35:      949.610      951.060      972.020      976.450     1037.060
    40:     1086.330     1296.780
C:
     0:      158.240      178.830      197.920      226.870      275.860
     5:      299.130      316.740      332.870      353.590      395.060
    10:      412.430      430.650      453.670      474.400      502.280
    15:      544.930      578.400      601.760      735.760      753.960
    20:      775.960      806.070      839.020      859.200      890.830
    25:      953.310      978.750     1040.080     1088.150
D:
     0:        2.150        6.820        2.040        3.320        2.340
     5:        2.310        2.370        5.390        2.650        2.330
    10:        2.050        2.410        6.380        2.050        2.320
    15:        3.560        2.080        7.490        2.990        2.620
    20:        2.380       12.630        1.970        2.300        2.230
    25:        3.700        6.730        3.020        1.820
F:
     0:      156.090      172.010      195.880      223.550      273.520
     5:      296.820      314.370      327.480      350.940      392.730
    10:      410.380      428.240      447.290      472.350      499.960
    15:      541.370      576.320      594.270      732.770      751.340
    20:      773.580      793.440      837.050      856.900      888.600
    25:      949.610      972.020     1037.060     1086.330     1296.780
