File: C:\MED-PC\Data\2023-03-03_07h58m_Subject 2_EN#51-1125.txt


Start Date: 03/03/23
End Date: 03/03/23
Subject: 2_EN#51-1125
Experiment: 20230303
Group: 2
Box: 3
Start Time: 07:58:03
End Time: 08:24:54
MSN: CRFv2023
R:      30.000
S:    1604.820
A:
     0:       90.000       30.000
B:
     0:       92.830      157.450      194.850      196.810      232.460
     5:      247.940      261.640      286.000      287.820      312.810
    10:      483.410      485.680      500.440      542.560      561.490
    15:      594.700      619.610      641.110      664.720      666.700
    20:      668.090      687.980      690.820      729.220      764.600
    25:      766.000      780.870      816.850      850.080     1009.250
    30:     1031.640     1066.210     1083.540     1123.760     1148.130
    35:     1385.110     1604.770
C:
     0:       94.760      159.150      198.910      234.160      250.520
     5:      263.740      290.810      314.720      488.030      502.650
    10:      544.480      563.560      596.690      621.900      643.210
    15:      670.320      693.270      731.290      767.850      783.030
    20:      821.230      852.170     1011.450     1034.180     1068.320
    25:     1085.540     1125.760     1150.190     1390.860
D:
     0:        1.930        1.700        4.060        1.700        2.580
     5:        2.100        4.810        1.910        4.620        2.210
    10:        1.920        2.070        1.990        2.290        2.100
    15:        5.600        5.290        2.070        3.250        2.160
    20:        4.380        2.090        2.200        2.540        2.110
    25:        2.000        2.000        2.060        5.750
F:
     0:       92.830      157.450      194.850      232.460      247.940
     5:      261.640      286.000      312.810      483.410      500.440
    10:      542.560      561.490      594.700      619.610      641.110
    15:      664.720      687.980      729.220      764.600      780.870
    20:      816.850      850.080     1009.250     1031.640     1066.210
    25:     1083.540     1123.760     1148.130     1385.110     1604.770
