File: C:\MED-PC\Data\2023-03-04_09h09m_Subject 1_EN#30-1012.txt


Start Date: 03/04/23
End Date: 03/04/23
Subject: 1_EN#30-1012
Experiment: 20230304
Group: 1
Box: 4
Start Time: 09:09:21
End Time: 09:38:49
MSN: CRFv2023
R:      30.000
S:    1607.110
A:
     0:       90.000       30.000
B:
     0:      188.460      191.900      367.290      374.410      429.210
     5:      465.400      489.030      561.390      562.960      592.940
    10:      594.870      595.740      596.660      689.450      727.220
    15:      790.920      818.450      840.280      842.940      843.770
    20:      872.570      903.590      927.780      937.250      939.000
    25:      966.670     1026.060     1209.420     1209.450     1259.730
    30:     1315.410     1324.860     1327.790     1349.080     1419.210
    35:     1441.460     1465.200     1501.280     1537.150     1539.750
    40:     1567.060     1607.060
C:
     0:      195.580      377.040      431.990      469.120      492.500
     5:      565.690      599.340      692.970      730.540      797.710
    10:      821.910      846.460      877.470      906.400      930.700
    15:      941.470      969.760     1029.100     1212.030     1262.030
    20:     1319.170     1331.000     1352.230     1422.430     1444.890
    25:     1467.940     1504.540     1542.040     1570.000
D:
     0:        7.120        9.750        2.780        3.720        3.470
     5:        4.300        6.400        3.520        3.320        6.790
    10:        3.460        6.180        4.900        2.810        2.920
    15:        4.220        3.090        3.040        2.610        2.300
    20:        3.760        6.140        3.150        3.220        3.430
    25:        2.740        3.260        4.890        2.940
F:
     0:      188.460      367.290      429.210      465.400      489.030
     5:      561.390      592.940      689.450      727.220      790.920
    10:      818.450      840.280      872.570      903.590      927.780
    15:      937.250      966.670     1026.060     1209.420     1259.730
    20:     1315.410     1324.860     1349.080     1419.210     1441.460
    25:     1465.200     1501.280     1537.150     1567.060     1607.060
