File: C:\MED-PC\Data\2023-03-04_09h09m_Subject 1_EN#28-1012.txt


Start Date: 03/04/23
End Date: 03/04/23
Subject: 1_EN#28-1012
Experiment: 20230304
Group: 1
Box: 2
Start Time: 09:09:11
End Time: 10:01:53
MSN: CRFv2023
R:      30.000
S:    2993.200
A:
     0:       90.000       30.000
B:
     0:      169.620      248.710      268.680      320.860      448.410
     5:      470.390      498.310      528.610      548.540      638.470
    10:      814.090      913.350      983.080     1038.230     1242.390
    15:     1357.230     1429.120     1498.740     1719.440     1780.450
    20:     1782.160     1807.830     1814.920     1905.420     1955.780
    25:     2151.260     2217.040     2363.150     2397.110     2408.120
    30:     2613.490     2856.120     2870.570     2993.150
C:
     0:      173.020      252.240      271.120      323.170      450.960
     5:      472.530      500.670      531.120      550.660      640.530
    10:      816.210      916.090      985.310     1040.410     1244.680
    15:     1359.760     1431.900     1501.670     1721.900     1784.760
    20:     1817.660     1908.250     1958.360     2154.340     2223.760
    25:     2367.680     2411.630     2615.690     2874.480
D:
     0:        3.400        3.530        2.440        2.310        2.550
     5:        2.140        2.360        2.510        2.120        2.060
    10:        2.120        2.740        2.230        2.180        2.290
    15:        2.530        2.780        2.930        2.460        4.310
    20:        9.830        2.830        2.580        3.080        6.720
    25:        4.530       14.520        2.200       18.360
F:
     0:      169.620      248.710      268.680      320.860      448.410
     5:      470.390      498.310      528.610      548.540      638.470
    10:      814.090      913.350      983.080     1038.230     1242.390
    15:     1357.230     1429.120     1498.740     1719.440     1780.450
    20:     1807.830     1905.420     1955.780     2151.260     2217.040
    25:     2363.150     2397.110     2613.490     2856.120     2993.150
