File: C:\MED-PC\Data\2023-03-04_11h45m_Subject 4_EN#31-1012.txt


Start Date: 03/04/23
End Date: 03/04/23
Subject: 4_EN#31-1012
Experiment: 20230304
Group: 4
Box: 1
Start Time: 11:45:14
End Time: 12:44:01
MSN: CRFv2023
R:      30.000
S:    3509.500
A:
     0:       90.000       30.000
B:
     0:      843.910     1167.220     1255.610     1255.640     1358.000
     5:     1360.240     1437.640     1440.430     1525.000     1611.470
    10:     1666.430     1736.020     1803.170     1803.210     1805.220
    15:     1907.760     1993.710     1996.590     2299.240     2358.460
    20:     2413.340     2417.020     2417.820     2419.510     2491.260
    25:     2561.300     2609.350     2683.370     2713.070     2765.240
    30:     2917.950     3212.660     3296.520     3344.050     3379.470
    35:     3398.660     3399.170     3423.530     3441.090     3509.450
C:
     0:      846.780     1169.590     1258.400     1363.130     1442.930
     5:     1528.300     1616.290     1670.860     1738.880     1807.790
    10:     1910.510     2001.140     2302.470     2361.480     2422.390
    15:     2493.700     2564.130     2612.990     2685.930     2715.670
    20:     2767.780     2920.310     3214.830     3299.250     3346.500
    25:     3381.810     3401.630     3426.540     3456.860
D:
     0:        2.870        2.370        2.790        5.130        5.290
     5:        3.300        4.820        4.430        2.860        4.620
    10:        2.750        7.430        3.230        3.020        9.050
    15:        2.440        2.830        3.640        2.560        2.600
    20:        2.540        2.360        2.170        2.730        2.450
    25:        2.340        2.970        3.010       15.770
F:
     0:      843.910     1167.220     1255.610     1358.000     1437.640
     5:     1525.000     1611.470     1666.430     1736.020     1803.170
    10:     1907.760     1993.710     2299.240     2358.460     2413.340
    15:     2491.260     2561.300     2609.350     2683.370     2713.070
    20:     2765.240     2917.950     3212.660     3296.520     3344.050
    25:     3379.470     3398.660     3423.530     3441.090     3509.450
