File: C:\MED-PC\Data\2023-03-04_09h42m_Subject 2_EN#52-1125.txt


Start Date: 03/04/23
End Date: 03/04/23
Subject: 2_EN#52-1125
Experiment: 20230304
Group: 2
Box: 4
Start Time: 09:42:17
End Time: 09:57:08
MSN: CRFv2023
R:      30.000
S:     832.770
A:
     0:       90.000       30.000
B:
     0:      180.080      181.690      206.310      225.230      226.760
     5:      242.130      267.510      269.180      270.780      288.970
    10:      317.290      344.220      353.110      355.250      378.680
    15:      391.680      409.250      410.790      411.240      450.170
    20:      467.340      468.930      500.690      547.500      577.530
    25:      580.680      595.660      595.910      598.220      610.670
    30:      627.600      629.710      649.980      680.730      699.580
    35:      720.700      730.690      733.580      748.090      768.380
    40:      800.100      807.020      815.860      832.720
C:
     0:      185.610      208.600      229.390      245.840      272.990
     5:      291.340      319.790      346.900      359.560      381.810
    10:      394.450      432.910      452.400      471.120      503.560
    15:      549.640      583.170      601.070      612.770      631.990
    20:      652.850      682.930      702.210      736.300      750.500
    25:      770.700      802.340      810.030      818.360
D:
     0:        5.530        2.290        4.160        3.710        5.480
     5:        2.370        2.500        2.680        6.450        3.130
    10:        2.770       23.660        2.230        3.780        2.870
    15:        2.140        5.640        5.410        2.100        4.390
    20:        2.870        2.200        2.630       15.600        2.410
    25:        2.320        2.240        3.010        2.500
F:
     0:      180.080      206.310      225.230      242.130      267.510
     5:      288.970      317.290      344.220      353.110      378.680
    10:      391.680      409.250      450.170      467.340      500.690
    15:      547.500      577.530      595.660      610.670      627.600
    20:      649.980      680.730      699.580      720.700      748.090
    25:      768.380      800.100      807.020      815.860      832.720
