File: C:\MED-PC\Data\2023-03-04_12h48m_Subject 5_EN#45-1126.txt


Start Date: 03/04/23
End Date: 03/04/23
Subject: 5_EN#45-1126
Experiment: 20230304
Group: 5
Box: 1
Start Time: 12:48:44
End Time: 13:30:29
MSN: CRFv2023
R:      30.000
S:    2465.400
A:
     0:       90.000       30.000
B:
     0:      281.730      305.810      385.460      420.300      442.570
     5:      445.930      447.120      477.620      573.460      624.050
    10:      647.770      652.960      681.180      712.700      736.260
    15:      756.890      776.170      828.350      848.600      876.860
    20:      939.460     1101.670     1476.370     1531.430     1572.690
    25:     1657.430     1681.030     1778.830     2057.360     2145.050
    30:     2150.240     2187.210     2293.600     2465.350
C:
     0:      284.330      308.800      388.280      423.100      451.410
     5:      480.990      575.860      628.970      656.920      683.630
    10:      715.150      740.140      759.480      779.160      831.040
    15:      852.410      879.350      941.370     1104.270     1481.320
    20:     1537.970     1575.910     1659.510     1683.490     1781.350
    25:     2060.390     2154.230     2190.150     2320.410
D:
     0:        2.600        2.990        2.820        2.800        8.840
     5:        3.370        2.400        4.920        9.150        2.450
    10:        2.450        3.880        2.590        2.990        2.690
    15:        3.810        2.490        1.910        2.600        4.950
    20:        6.540        3.220        2.080        2.460        2.520
    25:        3.030        9.180        2.940       26.810
F:
     0:      281.730      305.810      385.460      420.300      442.570
     5:      477.620      573.460      624.050      647.770      681.180
    10:      712.700      736.260      756.890      776.170      828.350
    15:      848.600      876.860      939.460     1101.670     1476.370
    20:     1531.430     1572.690     1657.430     1681.030     1778.830
    25:     2057.360     2145.050     2187.210     2293.600     2465.350
