File: C:\MED-PC\Data\2023-03-04_11h39m_Subject 4_EN#44-1126.txt


Start Date: 03/04/23
End Date: 03/04/23
Subject: 4_EN#44-1126
Experiment: 20230304
Group: 4
Box: 3
Start Time: 11:39:38
End Time: 11:54:45
MSN: CRFv2023
R:      30.000
S:     889.740
A:
     0:       90.000       30.000
B:
     0:       92.800       92.830      162.760      197.510      199.340
     5:      220.930      337.340      362.030      379.250      380.410
    10:      397.490      414.740      432.170      449.970      464.950
    15:      485.800      504.360      520.140      530.320      536.650
    20:      541.610      546.520      577.310      578.050      620.270
    25:      705.470      712.000      716.800      729.440      744.100
    30:      821.870      833.570      859.760      866.410      889.690
C:
     0:       96.820      164.770      201.480      223.340      339.270
     5:      364.140      383.620      399.610      416.830      433.950
    10:      452.050      466.750      487.290      506.090      522.180
    15:      532.100      538.710      543.700      548.290      580.270
    20:      622.120      714.570      718.490      731.270      745.990
    25:      824.450      835.410      861.430      868.700
D:
     0:        4.020        2.010        3.970        2.410        1.930
     5:        2.110        4.370        2.120        2.090        1.780
    10:        2.080        1.800        1.490        1.730        2.040
    15:        1.780        2.060        2.090        1.770        2.960
    20:        1.850        9.100        1.690        1.830        1.890
    25:        2.580        1.840        1.670        2.290
F:
     0:       92.800      162.760      197.510      220.930      337.340
     5:      362.030      379.250      397.490      414.740      432.170
    10:      449.970      464.950      485.800      504.360      520.140
    15:      530.320      536.650      541.610      546.520      577.310
    20:      620.270      705.470      716.800      729.440      744.100
    25:      821.870      833.570      859.760      866.410      889.690
