File: C:\MED-PC\Data\2023-03-04_10h05m_Subject 2_EN#50-1125.txt


Start Date: 03/04/23
End Date: 03/04/23
Subject: 2_EN#50-1125
Experiment: 20230304
Group: 2
Box: 2
Start Time: 10:05:08
End Time: 10:31:15
MSN: CRFv2023
R:      30.000
S:    1555.590
A:
     0:       90.000       30.000
B:
     0:      132.610      193.860      245.360      248.590      334.590
     5:      367.350      426.680      427.780      521.910      524.440
    10:      525.470      569.760      595.060      605.860      634.890
    15:      666.690      712.020      714.560      907.830     1002.930
    20:     1004.070     1004.500     1050.760     1130.150     1167.790
    25:     1169.100     1198.460     1230.280     1271.820     1319.200
    30:     1321.180     1324.070     1357.820     1359.460     1359.820
    35:     1405.460     1453.530     1457.870     1487.420     1516.570
    40:     1523.450     1525.310     1528.100     1547.240     1555.540
C:
     0:      135.130      195.920      251.020      337.000      373.610
     5:      431.770      527.480      571.700      596.920      609.770
    10:      636.980      668.580      716.960      911.070     1008.240
    15:     1055.240     1132.620     1174.360     1202.800     1232.110
    20:     1273.890     1326.470     1362.370     1410.840     1461.410
    25:     1489.400     1519.880     1530.310     1550.670
D:
     0:        2.520        2.060        5.660        2.410        6.260
     5:        5.090        5.570        1.940        1.860        3.910
    10:        2.090        1.890        4.940        3.240        5.310
    15:        4.480        2.470        6.570        4.340        1.830
    20:        2.070        7.270        4.550        5.380        7.880
    25:        1.980        3.310        6.860        3.430
F:
     0:      132.610      193.860      245.360      334.590      367.350
     5:      426.680      521.910      569.760      595.060      605.860
    10:      634.890      666.690      712.020      907.830     1002.930
    15:     1050.760     1130.150     1167.790     1198.460     1230.280
    20:     1271.820     1319.200     1357.820     1405.460     1453.530
    25:     1487.420     1516.570     1523.450     1547.240     1555.540
