File: C:\MED-PC\Data\2023-03-02_06h13m_Subject 1_EN#30-1012.txt


Start Date: 03/02/23
End Date: 03/02/23
Subject: 1_EN#30-1012
Experiment: 20230302
Group: 1
Box: 4
Start Time: 06:13:17
End Time: 06:57:51
MSN: CRFv2023
R:      30.000
S:    2325.290
A:
     0:       90.000       30.000
B:
     0:       34.760      276.410      282.940      566.330      568.740
     5:      571.140      890.370     1074.700     1141.260     1141.750
    10:     1143.830     1148.810     1150.220     1275.790     1300.710
    15:     1301.160     1393.370     1428.590     1456.180     1495.070
    20:     1512.100     1533.160     1591.540     1619.050     1644.920
    25:     1670.430     1692.260     1721.790     1723.950     1743.340
    30:     1773.210     1802.540     1819.210     1896.880     1898.930
    35:     1900.440     2166.210     2169.430     2211.890     2242.800
    40:     2245.800     2274.370     2325.240
C:
     0:       45.260      300.960      577.120      894.310     1077.980
     5:     1153.650     1278.610     1307.910     1396.620     1432.250
    10:     1460.170     1497.870     1514.650     1537.970     1594.430
    15:     1622.120     1648.640     1674.270     1694.870     1727.740
    20:     1746.660     1775.900     1807.960     1822.640     1903.740
    25:     2172.150     2214.780     2249.350     2279.060
D:
     0:       10.500       24.550       10.790        3.940        3.280
     5:       12.390        2.820        7.200        3.250        3.660
    10:        3.990        2.800        2.550        4.810        2.890
    15:        3.070        3.720        3.840        2.610        5.950
    20:        3.320        2.690        5.420        3.430        6.860
    25:        5.940        2.890        6.550        4.690
F:
     0:       34.760      276.410      566.330      890.370     1074.700
     5:     1141.260     1275.790     1300.710     1393.370     1428.590
    10:     1456.180     1495.070     1512.100     1533.160     1591.540
    15:     1619.050     1644.920     1670.430     1692.260     1721.790
    20:     1743.340     1773.210     1802.540     1819.210     1896.880
    25:     2166.210     2211.890     2242.800     2274.370     2325.240
