File: C:\MED-PC\Data\2023-03-02_06h59m_Subject 2_EN#52-1125.txt


Start Date: 03/02/23
End Date: 03/02/23
Subject: 2_EN#52-1125
Experiment: 20230302
Group: 2
Box: 4
Start Time: 06:59:28
End Time: 07:47:20
MSN: CRFv2023
R:      30.000
S:    2594.380
A:
     0:       90.000       30.000
B:
     0:      130.670      787.300     1111.850     1215.230     1395.680
     5:     1508.040     1589.640     1676.500     1735.160     1765.920
    10:     1794.890     1816.210     1818.660     1847.650     1972.490
    15:     1999.520     2001.260     2004.580     2042.820     2089.650
    20:     2106.160     2110.520     2216.530     2262.600     2279.970
    25:     2302.400     2337.560     2356.680     2358.730     2361.080
    30:     2413.010     2424.370     2443.360     2462.480     2543.220
    35:     2546.050     2594.330
C:
     0:      134.130      790.820     1115.160     1217.780     1398.300
     5:     1511.300     1592.260     1679.490     1738.220     1769.410
    10:     1798.240     1821.820     1850.730     1974.960     2007.090
    15:     2045.300     2092.140     2119.580     2219.190     2265.490
    20:     2283.720     2305.100     2340.750     2363.440     2416.500
    25:     2427.440     2445.990     2465.080     2548.820
D:
     0:        3.460        3.520        3.310        2.550        2.620
     5:        3.260        2.620        2.990        3.060        3.490
    10:        3.350        5.610        3.080        2.470        7.570
    15:        2.480        2.490       13.420        2.660        2.890
    20:        3.750        2.700        3.190        6.760        3.490
    25:        3.070        2.630        2.600        5.600
F:
     0:      130.670      787.300     1111.850     1215.230     1395.680
     5:     1508.040     1589.640     1676.500     1735.160     1765.920
    10:     1794.890     1816.210     1847.650     1972.490     1999.520
    15:     2042.820     2089.650     2106.160     2216.530     2262.600
    20:     2279.970     2302.400     2337.560     2356.680     2413.010
    25:     2424.370     2443.360     2462.480     2543.220     2594.330
