File: C:\MED-PC\Data\2023-03-02_11h52m_Subject 5_EN#45-1126.txt


Start Date: 03/02/23
End Date: 03/02/23
Subject: 5_EN#45-1126
Experiment: 20230302
Group: 5
Box: 1
Start Time: 11:52:10
End Time: 13:20:46
MSN: CRFv2023
R:      30.000
S:    5142.250
A:
     0:       90.000       30.000
B:
     0:     1722.760     1956.710     1961.610     2168.050     2170.780
     5:     2323.840     2327.950     2507.920     2510.590     2511.300
    10:     2626.130     2898.790     2983.310     3204.080     3207.020
    15:     3323.800     3402.830     3476.730     3560.140     3651.140
    20:     3711.820     3801.940     3909.990     3929.550     3931.850
    25:     4100.910     4103.320     4307.910     4392.760     4409.620
    30:     4412.530     4413.080     4494.350     4581.190     4584.840
    35:     4789.350     4861.640     4973.770     5008.200     5037.490
    40:     5142.200
C:
     0:     1726.580     1970.630     2183.040     2331.840     2524.410
     5:     2630.370     2902.600     2987.700     3211.600     3327.840
    10:     3406.540     3483.520     3563.500     3655.150     3717.440
    15:     3805.020     3913.010     3938.590     4107.820     4310.830
    20:     4395.940     4421.240     4497.310     4592.990     4802.690
    25:     4871.640     4978.110     5012.580     5052.240
D:
     0:        3.820       13.920       14.990        8.000       16.490
     5:        4.240        3.810        4.390        7.520        4.040
    10:        3.710        6.790        3.360        4.010        5.620
    15:        3.080        3.020        9.040        6.910        2.920
    20:        3.180       11.620        2.960       11.800       13.340
    25:       10.000        4.340        4.380       14.750
F:
     0:     1722.760     1956.710     2168.050     2323.840     2507.920
     5:     2626.130     2898.790     2983.310     3204.080     3323.800
    10:     3402.830     3476.730     3560.140     3651.140     3711.820
    15:     3801.940     3909.990     3929.550     4100.910     4307.910
    20:     4392.760     4409.620     4494.350     4581.190     4789.350
    25:     4861.640     4973.770     5008.200     5037.490     5142.200
