File: C:\MED-PC\Data\2023-03-02_06h13m_Subject 1_EN#28-1012.txt


Start Date: 03/02/23
End Date: 03/02/23
Subject: 1_EN#28-1012
Experiment: 20230302
Group: 1
Box: 2
Start Time: 06:13:06
End Time: 07:42:47
MSN: CRFv2023
R:      30.000
S:    5255.470
A:
     0:       90.000       30.000
B:
     0:      504.000      703.740      825.180      827.380     1016.460
     5:     1016.980     1156.790     1174.550     1176.150     1176.270
    10:     1178.070     1387.460     1396.130     1404.810     1494.450
    15:     1650.310     1653.320     1659.330     1663.750     1952.570
    20:     2075.390     2144.560     2145.380     2151.200     2327.230
    25:     2441.040     2537.610     2685.600     2791.700     2881.510
    30:     2977.640     3204.090     3205.370     3979.500     4021.910
    35:     4082.520     4087.330     4168.110     4211.770     4310.060
    40:     4429.250     4835.890     4922.840     4925.000     5015.270
    45:     5255.420
C:
     0:      512.320      709.120      844.920     1021.860     1271.750
     5:     1410.460     1499.050     1667.910     1958.300     2079.360
    10:     2157.930     2330.270     2444.610     2541.710     2689.700
    15:     2794.640     2885.120     2980.590     3208.510     3982.540
    20:     4027.620     4091.970     4171.520     4218.010     4317.410
    25:     4435.480     4838.610     4927.950     5018.130
D:
     0:        8.320        5.380       19.740        5.400      114.960
     5:       23.000        4.600       17.600        5.730        3.970
    10:       13.370        3.040        3.570        4.100        4.100
    15:        2.940        3.610        2.950        4.420        3.040
    20:        5.710        9.450        3.410        6.240        7.350
    25:        6.230        2.720        5.110        2.860
F:
     0:      504.000      703.740      825.180     1016.460     1156.790
     5:     1387.460     1494.450     1650.310     1952.570     2075.390
    10:     2144.560     2327.230     2441.040     2537.610     2685.600
    15:     2791.700     2881.510     2977.640     3204.090     3979.500
    20:     4021.910     4082.520     4168.110     4211.770     4310.060
    25:     4429.250     4835.890     4922.840     5015.270     5255.420
