File: C:\MED-PC\Data\2023-03-03_08h05m_Subject 2_EN#52-1125.txt


Start Date: 03/03/23
End Date: 03/03/23
Subject: 2_EN#52-1125
Experiment: 20230303
Group: 2
Box: 4
Start Time: 08:05:14
End Time: 08:24:36
MSN: CRFv2023
R:      30.000
S:    1155.600
A:
     0:       90.000       30.000
B:
     0:      238.690      257.290      270.090      324.060      358.360
     5:      390.680      413.990      438.340      446.940      449.070
    10:      476.920      517.340      528.570      547.470      571.860
    15:      589.110      591.140      618.030      641.350      678.780
    20:      712.220      714.180      732.140      734.530      774.200
    25:      795.150      840.690      870.410      919.640      996.850
    30:     1032.020     1095.670     1100.090     1125.700     1127.820
    35:     1137.600     1139.250     1141.190     1155.550
C:
     0:      240.830      260.150      272.090      327.390      360.760
     5:      393.020      416.250      441.400      451.360      479.430
    10:      520.270      531.480      550.130      574.280      594.010
    15:      620.270      643.440      680.820      716.770      737.320
    20:      776.400      797.330      842.800      872.550      921.910
    25:      999.060     1034.240     1102.270     1143.770
D:
     0:        2.140        2.860        2.000        3.330        2.400
     5:        2.340        2.260        3.060        4.420        2.510
    10:        2.930        2.910        2.660        2.420        4.900
    15:        2.240        2.090        2.040        4.550        5.180
    20:        2.200        2.180        2.110        2.140        2.270
    25:        2.210        2.220        6.600       18.070
F:
     0:      238.690      257.290      270.090      324.060      358.360
     5:      390.680      413.990      438.340      446.940      476.920
    10:      517.340      528.570      547.470      571.860      589.110
    15:      618.030      641.350      678.780      712.220      732.140
    20:      774.200      795.150      840.690      870.410      919.640
    25:      996.850     1032.020     1095.670     1125.700     1155.550
