File: C:\MED-PC\Data\2023-03-03_07h26m_Subject 1_EN#30-1012.txt


Start Date: 03/03/23
End Date: 03/03/23
Subject: 1_EN#30-1012
Experiment: 20230303
Group: 1
Box: 4
Start Time: 07:26:44
End Time: 08:00:32
MSN: CRFv2023
R:      30.000
S:    1679.680
A:
     0:       90.000       30.000
B:
     0:       76.090      161.180      169.480      171.200      207.460
     5:      209.420      210.080      210.330      212.060      213.560
    10:      215.560      216.670      301.990      302.320      303.200
    15:      392.950      395.620      399.850      402.370      403.480
    20:      425.490      433.020      433.770      442.800      443.940
    25:      444.630      444.670      446.380      446.840      457.870
    30:      459.040      586.600      653.200      655.450      656.100
    35:      658.970      699.230      735.290      762.310      764.660
    40:      765.440      797.390      799.220      819.460      868.800
    45:      896.490      909.280      938.380      942.290      944.030
    50:     1057.180     1114.900     1117.870     1118.340     1169.330
    55:     1169.430     1169.940     1169.970     1207.800     1210.290
    60:     1233.800     1374.980     1386.620     1431.720     1471.340
    65:     1471.670     1471.730     1481.450     1481.680     1484.720
    70:     1520.300     1521.900     1524.260     1531.980     1542.570
    75:     1637.850     1641.440     1661.860     1669.820     1670.950
    80:     1679.630
C:
     0:       80.600      218.920      306.320      407.650      437.820
     5:      449.890      461.540      589.840      662.270      702.520
    10:      738.660      767.830      802.210      822.450      872.240
    15:      905.800      911.870      946.610     1061.180     1121.120
    20:     1172.550     1214.180     1236.270     1377.970     1391.130
    25:     1435.050     1632.860     1665.180     1675.140
D:
     0:        4.510       57.740        4.330       14.700       12.330
     5:        7.090        3.670        3.240        9.070        3.290
    10:        3.370        5.520        4.820        2.990        3.440
    15:        9.310        2.590        8.230        4.000        6.220
    20:        3.220        6.380        2.470        2.990        4.510
    25:        3.330      161.520       27.330        5.320
F:
     0:       76.090      161.180      301.990      392.950      425.490
     5:      442.800      457.870      586.600      653.200      699.230
    10:      735.290      762.310      797.390      819.460      868.800
    15:      896.490      909.280      938.380     1057.180     1114.900
    20:     1169.330     1207.800     1233.800     1374.980     1386.620
    25:     1431.720     1471.340     1637.850     1669.820     1679.630
