File: C:\MED-PC\Data\2023-03-03_07h26m_Subject 1_EN#28-1012.txt


Start Date: 03/03/23
End Date: 03/03/23
Subject: 1_EN#28-1012
Experiment: 20230303
Group: 1
Box: 2
Start Time: 07:26:35
End Time: 08:20:18
MSN: CRFv2023
R:      30.000
S:    3060.500
A:
     0:       90.000       30.000
B:
     0:      490.920      490.960      491.010      491.170      573.380
     5:      632.970      698.110      768.040      792.950      968.310
    10:     1006.780     1027.530     1309.720     1427.670     1461.690
    15:     1493.240     1495.450     1579.310     1656.540     1800.730
    20:     1900.670     1992.980     2022.940     2197.380     2269.260
    25:     2373.600     2497.200     2635.460     2730.790     2752.530
    30:     2779.070     2799.320     2843.880     3060.450
C:
     0:      494.500      576.760      635.660      700.490      770.520
     5:      800.120      972.600     1009.480     1030.500     1312.280
    10:     1430.340     1465.320     1497.800     1582.380     1659.930
    15:     1803.630     1904.080     1997.460     2025.460     2199.890
    20:     2273.600     2380.050     2499.600     2638.330     2733.350
    25:     2755.300     2782.460     2802.870     2846.330
D:
     0:        3.580        3.380        2.690        2.380        2.480
     5:        7.170        4.290        2.700        2.970        2.560
    10:        2.670        3.630        4.560        3.070        3.390
    15:        2.900        3.410        4.480        2.520        2.510
    20:        4.340        6.450        2.400        2.870        2.560
    25:        2.770        3.390        3.550        2.450
F:
     0:      490.920      573.380      632.970      698.110      768.040
     5:      792.950      968.310     1006.780     1027.530     1309.720
    10:     1427.670     1461.690     1493.240     1579.310     1656.540
    15:     1800.730     1900.670     1992.980     2022.940     2197.380
    20:     2269.260     2373.600     2497.200     2635.460     2730.790
    25:     2752.530     2779.070     2799.320     2843.880     3060.450
