File: C:\MED-PC\Data\2023-03-03_11h36m_Subject 5_EN#45-1126.txt


Start Date: 03/03/23
End Date: 03/03/23
Subject: 5_EN#45-1126
Experiment: 20230303
Group: 5
Box: 1
Start Time: 11:36:39
End Time: 12:35:33
MSN: CRFv2023
R:      30.000
S:    3523.160
A:
     0:       90.000       30.000
B:
     0:      297.640      433.380      655.450      808.600      882.210
     5:      918.910      953.860      972.670     1077.900     1121.730
    10:     1180.960     1238.390     1250.630     1302.990     1314.650
    15:     1317.290     1337.690     1426.000     1548.230     1583.790
    20:     1606.390     1633.510     1691.140     1715.310     1744.140
    25:     1747.130     1766.480     2044.210     2130.130     2158.410
    30:     2446.410     2448.190     2485.280     2621.620     2699.620
    35:     2705.510     2767.630     2771.610     2862.420     3523.110
C:
     0:      302.660      437.530      658.510      815.550      886.460
     5:      923.230      957.590      980.630     1081.980     1125.630
    10:     1183.310     1366.370     1429.520     1550.610     1586.600
    15:     1611.740     1642.010     1697.530     1718.300     1751.080
    20:     1772.850     2049.330     2134.110     2471.430     2488.770
    25:     2624.900     2709.370     2775.690     2865.770
D:
     0:        5.020        4.150        3.060        6.950        4.250
     5:        4.320        3.730        7.960        4.080        3.900
    10:        2.350      127.980        3.520        2.380        2.810
    15:        5.350        8.500        6.390        2.990        6.940
    20:        6.370        5.120        3.980      313.020        3.490
    25:        3.280        9.750        8.060        3.350
F:
     0:      297.640      433.380      655.450      808.600      882.210
     5:      918.910      953.860      972.670     1077.900     1121.730
    10:     1180.960     1238.390     1426.000     1548.230     1583.790
    15:     1606.390     1633.510     1691.140     1715.310     1744.140
    20:     1766.480     2044.210     2130.130     2158.410     2485.280
    25:     2621.620     2699.620     2767.630     2862.420     3523.110
