File: C:\MED-PC\Data\2023-03-03_08h28m_Subject 2_EN#50-1125.txt


Start Date: 03/03/23
End Date: 03/03/23
Subject: 2_EN#50-1125
Experiment: 20230303
Group: 2
Box: 2
Start Time: 08:28:37
End Time: 08:59:54
MSN: CRFv2023
R:      30.000
S:    1863.390
A:
     0:       90.000       30.000
B:
     0:      624.280      626.990      763.010      765.100      842.370
     5:      883.630      908.120      909.860      962.500      988.210
    10:     1017.900     1020.990     1092.400     1113.580     1144.440
    15:     1145.810     1184.850     1208.310     1241.790     1263.070
    20:     1291.530     1296.520     1337.620     1371.150     1384.530
    25:     1385.750     1438.720     1476.250     1517.640     1615.430
    30:     1618.410     1619.440     1661.370     1695.710     1731.340
    35:     1757.540     1803.880     1832.850     1863.340
C:
     0:      633.320      768.790      845.660      885.820      912.630
     5:      965.630      994.260     1025.360     1094.760     1116.010
    10:     1150.780     1186.730     1211.510     1244.110     1265.170
    15:     1300.510     1340.980     1373.620     1392.370     1441.320
    20:     1478.400     1519.780     1623.680     1664.470     1697.890
    25:     1735.650     1759.600     1806.280     1836.780
D:
     0:        9.040        5.780        3.290        2.190        4.510
     5:        3.130        6.050        7.460        2.360        2.430
    10:        6.340        1.880        3.200        2.320        2.100
    15:        8.980        3.360        2.470        7.840        2.600
    20:        2.150        2.140        8.250        3.100        2.180
    25:        4.310        2.060        2.400        3.930
F:
     0:      624.280      763.010      842.370      883.630      908.120
     5:      962.500      988.210     1017.900     1092.400     1113.580
    10:     1144.440     1184.850     1208.310     1241.790     1263.070
    15:     1291.530     1337.620     1371.150     1384.530     1438.720
    20:     1476.250     1517.640     1615.430     1661.370     1695.710
    25:     1731.340     1757.540     1803.880     1832.850     1863.340
