File: C:\MED-PC\Data\2023-03-03_10h20m_Subject 4_EN#44-1126.txt


Start Date: 03/03/23
End Date: 03/03/23
Subject: 4_EN#44-1126
Experiment: 20230303
Group: 4
Box: 3
Start Time: 10:20:59
End Time: 10:41:18
MSN: CRFv2023
R:      30.000
S:    1213.690
A:
     0:       90.000       30.000
B:
     0:      184.710      252.290      280.860      298.280      319.930
     5:      345.010      368.020      369.790      371.420      386.970
    10:      401.940      422.960      436.930      437.570      439.250
    15:      441.960      458.400      476.680      495.370      548.330
    20:      549.600      565.220      589.380      625.050      626.770
    25:      641.900      644.120      666.760      699.580      723.980
    30:      759.990      806.310      845.720      873.520      873.560
    35:      875.070      877.680      896.700      920.710      949.980
    40:     1213.640
C:
     0:      186.910      254.300      283.300      300.190      321.970
     5:      347.680      373.630      389.650      403.620      425.400
    10:      444.150      460.600      482.430      497.240      551.420
    15:      567.600      593.780      628.910      646.390      668.970
    20:      701.700      728.690      761.890      808.110      847.730
    25:      880.010      899.020      922.490      952.410
D:
     0:        2.200        2.010        2.440        1.910        2.040
     5:        2.670        5.610        2.680        1.680        2.440
    10:        7.220        2.200        5.750        1.870        3.090
    15:        2.380        4.400        3.860        4.490        2.210
    20:        2.120        4.710        1.900        1.800        2.010
    25:        6.490        2.320        1.780        2.430
F:
     0:      184.710      252.290      280.860      298.280      319.930
     5:      345.010      368.020      386.970      401.940      422.960
    10:      436.930      458.400      476.680      495.370      548.330
    15:      565.220      589.380      625.050      641.900      666.760
    20:      699.580      723.980      759.990      806.310      845.720
    25:      873.520      896.700      920.710      949.980     1213.640
