File: C:\MED-PC\Data\2023-03-04_11h23m_Subject 3_EN#61-0101.txt


Start Date: 03/04/23
End Date: 03/04/23
Subject: 3_EN#61-0101
Experiment: 20230304
Group: 3
Box: 1
Start Time: 11:23:22
End Time: 11:39:53
MSN: CRFv2023
R:      30.000
S:     983.810
A:
     0:       90.000       30.000
B:
     0:       15.020       36.930       37.800       49.050       61.750
     5:       73.120       87.760      112.360      134.130      180.920
    10:      195.350      197.150      203.530      224.880      244.820
    15:      359.970      417.830      435.070      460.940      484.590
    20:      485.470      508.640      513.500      520.900      522.500
    25:      541.780      574.380      598.940      603.090      603.590
    30:      607.640      609.480      611.550      613.070      613.640
    35:      704.270      740.800      749.240      869.120      940.920
    40:      983.760
C:
     0:       16.960       39.620       50.940       63.630       74.890
     5:       90.010      114.530      135.880      182.940      199.450
    10:      205.180      226.590      246.330      361.410      419.590
    15:      437.020      462.980      487.730      510.450      524.490
    20:      543.480      576.310      605.690      675.700      706.090
    25:      742.570      750.890      872.120      943.720
D:
     0:        1.940        2.690        1.890        1.880        1.770
     5:        2.250        2.170        1.750        2.020        4.100
    10:        1.650        1.710        1.510        1.440        1.760
    15:        1.950        2.040        3.140        1.810       10.990
    20:        1.700        1.930        6.750       68.060        1.820
    25:        1.770        1.650        3.000        2.800
F:
     0:       15.020       36.930       49.050       61.750       73.120
     5:       87.760      112.360      134.130      180.920      195.350
    10:      203.530      224.880      244.820      359.970      417.830
    15:      435.070      460.940      484.590      508.640      513.500
    20:      541.780      574.380      598.940      607.640      704.270
    25:      740.800      749.240      869.120      940.920      983.760
