File: C:\MED-PC\Data\2023-03-04_10h11m_Subject 3_EN#70-1229.txt


Start Date: 03/04/23
End Date: 03/04/23
Subject: 3_EN#70-1229
Experiment: 20230304
Group: 3
Box: 4
Start Time: 10:11:45
End Time: 11:04:57
MSN: CRFv2023
R:      30.000
S:    2767.720
A:
     0:       90.000       30.000
B:
     0:      268.660      307.630      354.430      408.070      409.910
     5:      429.990      454.580      473.200      494.640      542.870
    10:      543.660      545.110      547.560      577.040      622.870
    15:      745.380      745.400      867.170      876.160      927.580
    20:      947.390      950.030      951.030      953.370      996.250
    25:      999.120     1112.850     1158.000     1201.720     1284.590
    30:     1310.460     1313.780     1369.540     1743.820     1748.000
    35:     1860.040     2187.730     2265.870     2346.880     2653.390
    40:     2767.670
C:
     0:      271.130      309.540      358.070      412.180      431.780
     5:      456.660      475.620      496.960      549.420      579.090
    10:      625.700      747.850      870.200      878.640      930.220
    15:      959.440     1005.820     1114.950     1160.000     1205.360
    20:     1286.960     1318.020     1371.840     1751.110     1862.230
    25:     2191.020     2268.750     2349.280     2655.520
D:
     0:        2.470        1.910        3.640        4.110        1.790
     5:        2.080        2.420        2.320        6.550        2.050
    10:        2.830        2.470        3.030        2.480        2.640
    15:       12.050        9.570        2.100        2.000        3.640
    20:        2.370        7.560        2.300        7.290        2.190
    25:        3.290        2.880        2.400        2.130
F:
     0:      268.660      307.630      354.430      408.070      429.990
     5:      454.580      473.200      494.640      542.870      577.040
    10:      622.870      745.380      867.170      876.160      927.580
    15:      947.390      996.250     1112.850     1158.000     1201.720
    20:     1284.590     1310.460     1369.540     1743.820     1860.040
    25:     2187.730     2265.870     2346.880     2653.390     2767.670
