File: C:\MED-PC\Data\2023-03-04_09h33m_Subject 2_EN#51-1125.txt


Start Date: 03/04/23
End Date: 03/04/23
Subject: 2_EN#51-1125
Experiment: 20230304
Group: 2
Box: 3
Start Time: 09:33:06
End Time: 09:49:00
MSN: CRFv2023
R:      30.000
S:     891.730
A:
     0:       90.000       30.000
B:
     0:       68.110       88.540      121.710      141.140      178.990
     5:      180.180      196.120      210.500      239.600      265.630
    10:      266.780      284.750      322.370      323.000      420.040
    15:      440.350      456.900      458.950      460.800      496.320
    20:      497.610      521.240      553.620      554.740      568.890
    25:      589.810      625.500      650.690      665.460      671.980
    30:      746.920      768.990      790.550      811.610      851.870
    35:      853.370      877.570      879.260      880.390      891.680
C:
     0:       73.170       90.820      123.680      143.350      182.210
     5:      200.010      212.440      241.520      269.900      286.810
    10:      325.370      422.260      442.090      463.660      499.610
    15:      523.240      556.540      572.010      591.790      627.120
    20:      654.840      667.560      674.020      751.720      770.960
    25:      792.660      813.410      855.630      882.660
D:
     0:        5.060        2.280        1.970        2.210        3.220
     5:        3.890        1.940        1.920        4.270        2.060
    10:        3.000        2.220        1.740        6.760        3.290
    15:        2.000        2.920        3.120        1.980        1.620
    20:        4.150        2.100        2.040        4.800        1.970
    25:        2.110        1.800        3.760        5.090
F:
     0:       68.110       88.540      121.710      141.140      178.990
     5:      196.120      210.500      239.600      265.630      284.750
    10:      322.370      420.040      440.350      456.900      496.320
    15:      521.240      553.620      568.890      589.810      625.500
    20:      650.690      665.460      671.980      746.920      768.990
    25:      790.550      811.610      851.870      877.570      891.680
