File: C:\MED-PC\Data\2023-03-04_09h09m_Subject 1_EN#29-1012.txt


Start Date: 03/04/23
End Date: 03/04/23
Subject: 1_EN#29-1012
Experiment: 20230304
Group: 1
Box: 3
Start Time: 09:09:16
End Time: 09:28:25
MSN: CRFv2023
R:      30.000
S:     984.480
A:
     0:       90.000       30.000
B:
     0:       56.060       71.670       76.370       94.020      121.890
     5:      123.460      125.270      141.470      196.380      210.240
    10:      212.930      227.560      228.640      229.140      262.870
    15:      264.660      264.680      294.320      296.280      313.140
    20:      329.670      330.630      332.070      372.790      390.590
    25:      425.880      449.010      460.190      461.300      497.740
    30:      515.670      517.130      518.770      520.110      573.530
    35:      610.120      626.920      628.120      657.120      682.160
    40:      708.560      711.970      712.910      741.110      743.630
    45:      805.080      806.430      849.630      875.980      984.430
C:
     0:       58.090       79.760       96.470      126.860      143.490
     5:      198.210      214.680      233.020      266.360      298.160
    10:      315.020      334.090      374.360      394.320      427.900
    15:      451.240      462.950      500.010      521.960      575.060
    20:      612.000      630.980      659.470      683.950      715.070
    25:      745.880      808.750      851.440      877.490
D:
     0:        2.030        8.090        2.450        4.970        2.020
     5:        1.830        4.440        5.460        3.490        3.840
    10:        1.880        4.420        1.570        3.730        2.020
    15:        2.230        2.760        2.270        6.290        1.530
    20:        1.880        4.060        2.350        1.790        6.510
    25:        4.770        3.670        1.810        1.510
F:
     0:       56.060       71.670       94.020      121.890      141.470
     5:      196.380      210.240      227.560      262.870      294.320
    10:      313.140      329.670      372.790      390.590      425.880
    15:      449.010      460.190      497.740      515.670      573.530
    20:      610.120      626.920      657.120      682.160      708.560
    25:      741.110      805.080      849.630      875.980      984.430
